74563531100080874
94328260633315963
133073500009864832
162331248970601505
177189148618799696
226188409466328607
236625903789660583
272135549616685355
353227319956769121
429556616974322374
430563240779166595
581738320064879204
655391075024473839
773750392551653797
811723440836838090
852306997919432299
899722116628623854
934703788050953499
956752419184960045
999898121407187130
1000749125195392840
1005207269055798204
1110425807078956502
1117073506641710097
1127376018874842533
1180564955930637358
1189644803650367212
1226768555921556619
1543082987922417479
1575709735173570665
1678359613343588503
1699111559523094600
1772125281411484883
1846541063342280189
1876146527037442490
1906807093428658089
1923036442931198306
2033659790753777048
2076091628816396665
2150952903338161628
2211760207063760979
2238911083315678905
2274189350870074962
2333935846990607396
2418067421748882347
2451077465507443495
2719336924266496465
2758532475379174086
3028513654958602672
3155586522170159576
3167062880470447945
3270966606253669809
3391966180081743908
3413311974616610323
3420425117418624396
3519628833461521561
3530571463457074825
3739446604694135030
3910718821244461441
3922418390833917012
3954613985871741055
3962095980246972416
3980755903083914528
4004472841233690670
4038745916208809083
4139018023959937211
4174153341309622179
4231381622064405913
4247540371132415126
4251798694221929353
4297668053830520484
4299107096390653242
4493291060401293469
4526036148926470165
4626844174161472758
4653488045952100515
4695095222177825522
4919292792709394769
4959684409042297063
4963113903505419536
4996417598061387719
5075347709968913764
5116732609296718867
5228402927949142920
5365801504317357518
5498251610018172888
5579456925659880893
5594809841083432020
5697496950301577574
5795037071505512387
5872064595335524658
5879718609087332559
6024736282200248134
6190871055852061882
6321667180294587364
6392779532561574990
6498740040801005565
6512888752802045610
6584501423521180591
6644009288142803616
6706960546331358800
6745130064258294742
7186548906206451877
7311455471536378570
7542744718064926416
7566921344260165941
7570854913447983525
7602072819940838353
7805198966429899441
7880708908638874378
7915105031901324849
7980220436843050817
8006504054901445387
8064599004315749922
8068826085623006823
8101495964780089250
8134110690002832538
8232941179768549681
8351877538953105576
8382635159114339335
8555244575197996489
8690696920533365912
8819903225687490454
8841183906146180185
8898733605171702817
8901061297344480752
8963745730887209153
9068230477909487722
9078539624723206625
9149908185184901606
9216812299096002519
36196602953314450
275997660839092593
403960852890475214
530782203396726225
538144897716212385
690823326521333682
729297670225289769
837790714555277998
854460710893352439
914573687721354606
981250140865392568
986359129785842088
1002032887740356796
1035763012002569541
1147858778543457201
1150718581089368158
1196868363227917460
1229072248585760980
1260300054199266808
1306603094883771551
1333035870483973509
1557567908247277485
1559981859304368823
1595534573001203960
1600829739865057673
1617215263138673994
1648648475840102570
1677581524691331179
1816071111162463349
1885106116869454745
1911503466011768388
2104430654628257702
2140933274249779111
2195065355501778289
2258608620214829243
2442177454085355754
2607587709695871666
2621962834064780957
2783707446804728660
2797548092197552701
2923581254851888129
2933133086660962621
2934614255646760766
2935726565355112921
3070892469188517406
3165602689069117174
3170043023274495741
3215336722469687485
3242131969262845813
3264636841737053718
3305401743906802368
3595006841842749435
3692133861963613930
3694575687957279671
3737410034196775886
3755739173937548947
3774568450783352175
3841901150362001936
3883411240470678930
3920127255718951073
3954287749315372473
4041450099526899978
4072486902609713673
4168026904120277435
4277161378054193586
4278091336783752493
4312549171582908313
4447036189563741581
4661469425254144094
4715811400883758150
4719719194034285743
4720973471160970272
4721972353267659672
4953156614663016821
5025132199196190486
5100930069787165646
5130129297332232409
5136735734927712200
5236028301140273051
5291334107533065964
5352581552672204481
5457261212598276184
5505099627329906253
5704422973075051931
5789193323642300763
5827845037472250406
5985787654789432885
6063872813522305741
6092529449321648711
6407866035366095971
6580557480353529933
6690509321838953382
6707093118132884671
6708898639955610283
6757746310919300700
6776528366291806116
6800927548144865444
6839763995111995666
6839976754308724634
7067981447545172684
7125700228586216855
7154163573900681718
7342446650628047243
7362041110240779733
7386728430575581567
7472206577103571067
7495158133935721842
7524396880477779883
7528142419738733247
7651259121566069898
7655390980725965363
7846766945807322978
7942888461863129065
7982560978423162111
7988335611236320542
8239745563820475658
8351123001685389820
8475278233823524887
8537559751995739701
8598564279550881222
8682824447031840546
8744566788879669851
8799832553523154013
8836658668792986650
9045698951796511215
9107540767349377259
9188784661975578879
47853218385056196
525386939307984732
562204099717367126
667947237683722243
682993362984568508
690554251023255114
747513547772739121
755316580522622550
767820229510120769
800052482966004880
816245900326036914
978862338103474013
1131213229335342471
1144377243579372725
1196162838391727341
1233751520037056761
1247682463609180658
1310222685483546801
1445142107812856744
1591788272200056900
1619953055075637136
1740108257371122517
1792305220900683278
1838004915182195270
1916598427379698475
1997855742279839581
2008486981773872337
2067810502382400209
2115462227138799433
2226415277023863976
2245051817942334943
2310858084906430712
2347521255705344353
2478715345714683105
2510084210697835902
2526755008582674017
2656623033281160726
2786966198424000500
2878577426105011575
2954296616604104763
2994027860120818214
3018264992599505041
3083708668572589665
3142185752783493209
3292641115274231993
3313542818489523780
3430382480381466110
3449440070935903444
3484202318208330549
3520770591624201456
3597447630192757042
3709093336675803517
3721805103245468377
3734967537860348602
3739700573735942880
3823658811767346909
3860403704279389350
3911416785990175669
3911837153325201644
4030947628836381647
4035311567250945047
4127378631858108234
4182138821087534217
4255293223482803816
4266133648357686494
4390139555515042640
4416051602757394380
4438380778304262349
4525887923036887751
4619196303597826563
4624263386084209373
4653372393490797632
4684225806689221008
4716102243881768730
4782627573393260137
4879219657780334295
4927645051147895691
4937916428886288342
4948117727922103259
4979908874974572728
4987718056110527331
5056046239201269492
5089820075838626555
5128214398681783106
5300747415852588652
5375852835754371645
5488282632518016253
5493650378145192769
5572048113658539518
5743540459098661273
5901362536784281740
6007076226306478516
6016051419868874782
6053863358824118615
6070681250319620771
6100391409390004916
6221347665418510037
6250527154947905211
6262911491070656980
6269692888032337928
6369922949887429864
6411715542274022379
6503637881546401546
6588356550507519474
6602250913940687881
6607153380518732382
6740691331387402979
6884453662846539107
6920597977839653897
6993318304388990206
7005670226099767725
7027982068520268856
7076260442656499957
7081521790868306409
7148547907949682469
7152383578987040530
7166731589059580781
7204517002500988719
7259411436334404998
7263120362007545258
7384859049968043295
7486880865339926301
7548854373846625876
7591578045412170314
7665304048925372808
7708847979991727574
8089949191341358789
8177004851054760563
8361377707252154626
8428724130473238851
8667918723930382050
8854082684694162126
8869917535344272586
8902463302343808634
8939853987890332601
8980902072357088235
9001920939882887836
9078371991830831131
9087593881867277613
9189185398553594196
158168337295808777
201983486349665552
476634750851235550
485285622109379244
509028673333311335
511631504193994721
549451834222056702
656251903057717073
657427108625159241
681178179091187909
713878721265133690
827316115618386325
978012412598155632
1034388956996076337
1062573902500230251
1111875957255288375
1116963906882566052
1276154792283508499
1277813144337908938
1324086059691414669
1387681009345958544
1426389117753123780
1437715703331545361
1439157517529160462
1466338823060788194
1536817652793420907
1548961612224745607
1575076143217783103
1740186254342270209
1740804702937672946
1752468820801265004
1753862473360111789
1759689772496393455
1935429880455942257
2061736334569308195
2090585928920084274
2095830398696364900
2156368178356788987
2255904020107283946
2346372847966032943
2434513738887230808
2588867326107459800
2695863077745027694
2813730636198703485
2997760731817862836
3005209186299360957
3136447081553758968
3139048390915325202
3153819350580936617
3200297313300361393
3583745460315843215
3668086531578452058
3739600666064190825
3786500645242844841
3968454217873583198
3992391061362243009
4193289873090898284
4249429058532052378
4250939136031417622
4253013655669775762
4336828333616489908
4415523204420786149
4444650623560704059
4465410373580813526
4495699714582364682
4542180276407199359
4565879152831142443
4600591891285649959
4661765459645701672
4689818800957637839
4703941681660508014
4751101513976849624
4803001666849476026
4826811042284472023
4848333046138958192
4918952659785829360
4938633356915566355
4973784405517185635
5216633593234165366
5264366526213277523
5319914329110997859
5357207291410455502
5467765767885147275
5509827325706071394
5521662855377154708
5577992337413627875
5653451459349935776
5729417178935312076
5756648533571529440
5799639868201400291
5805891363683384782
5814826490283892557
5860832530907803399
5918589568220445120
6017252327760487090
6076708899282484321
6278275073155031647
6290065278471015496
6298610840459886886
6358127372842300673
6371177017301078105
6434577361929677889
