103370126172143121
230205685389253025
942225237321105575
1121585043701237685
1321552278817921673
1735301527910401767
1857719969415944987
1860704371272690073
2080455518961488823
2542939415964468770
2830200858014580570
2842918573452451783
2993417937302796962
3011191604278382316
3028794121215817607
3068611855464198793
3196859007654102213
3212293826224653136
3267761259694884524
3341583200811785411
3607035994371721464
3720729577894713055
3880322896538813950
3935190643263927066
3942167574296871669
3942760150486912958
3957596870346129989
4591896063390001895
4617091303947085219
4876143634422848363
4922132718477930671
5053207210280065480
5079605255906944374
5088120420342532224
5148255199282236219
5265232212702591489
5301363085605694568
5487130713747975182
5563454408500258716
5830886310063920028
6070261709957053563
6427341463514079441
6513737948687819690
6837103071330196508
6863595187725225069
6970974244723945187
7017106511504338794
7100568157108894117
7263111713694576598
7600946851761129169
8137354301592268307
8353290706196151941
8456657823394314255
8918370117494658431
9126872888120613841
9208891864274211642
34572897701862569
37200418134903311
43000638038860250
58428316620578199
59751451068461075
97165561373652886
132835542313674650
148280510381371070
217558751499744442
223192313096278580
235598062625891581
275035778750439627
293608284210426015
333104818236385792
350329766169093864
418981099478718018
426441463943613460
541373060224951246
567238832959883860
578332388406883523
580906855668141852
617045627189599658
642958328088476228
648016307478268847
660306794282608369
715985737163968477
717722757538001022
720008194826430046
747599370615703554
773044708717249631
780587508963515958
805186657566183352
819222306796394130
832895001385022259
884014265978565686
894477423974131014
997851234590753118
1017283716483987466
1040704412331036510
1095049704398090213
1152457617847679071
1209827426600431780
1237095907633238208
1289472227506709345
